id_alumno;promedio_notas
4567;75.17
5661;40.29
5877;46.29
6061;0.00
2878;0.00
327;79.83
1706;70.73
3270;70.00
3455;51.67
2768;67.79
2932;0.00
2573;55.70
2006;40.67
3358;36.25
3534;84.48
4368;40.15
4859;51.76
5679;50.59
5668;30.64
5873;12.67
2383;55.12
4165;58.85
4667;16.67
5524;55.73
3109;11.67
3394;52.26
3659;63.00
2428;10.00
3721;8.75
4821;25.00
923;70.35
1679;46.17
1956;87.50
3161;68.47
3628;39.30
5162;75.00
5961;0.00
1941;93.33
3406;57.42
5934;0.00
930;55.63
158;88.50
2867;63.33
2875;80.00
3008;37.59
1580;68.00
2103;53.19
2134;70.11
2673;0.00
93;0.00
5704;51.33
945;68.31
408;88.50
2193;45.25
4080;0.00
4329;0.00
6034;0.00
2604;70.83
2482;77.38
1884;23.75
3476;64.50
2197;45.82
5084;0.00
5219;58.70
5828;50.83
2551;28.64
677;87.75
909;83.38
483;85.75
3367;64.71
3731;46.33
4314;55.57
4830;52.55
5147;43.55
5703;52.53
5722;0.00
3379;57.40
4445;72.00
4624;0.00
2830;22.50
283;74.68
6009;0.00
3118;60.00
5671;51.78
974;64.91
2959;22.50
1691;79.33
1864;78.17
3547;74.62
3695;50.42
2402;0.00
3799;75.00
4069;70.61
5732;50.29
3266;27.50
3413;20.00
5922;0.00
5993;0.00
2171;53.09
759;81.44
1733;23.75
3932;0.00
4319;70.10
5508;37.82
2905;79.17
367;59.70
805;80.00
1365;12.50
3670;69.86
2077;51.80
5112;0.00
1047;50.71
3144;36.00
3232;34.00
3251;64.35
4661;64.27
2947;59.57
3196;73.71
3365;81.77
3453;0.00
3587;56.88
2025;0.00
4721;59.55
5011;27.78
5261;53.14
690;82.54
69;61.50
2771;0.00
1967;0.00
3464;45.63
4788;67.17
2715;83.00
3042;0.00
1805;93.75
3162;27.50
3092;79.33
3661;33.78
2738;20.63
1341;22.00
5654;47.63
136;84.50
1360;30.00
3031;58.89
2884;71.40
4121;36.67
4373;91.67
4561;63.00
5228;52.60
474;58.75
1392;75.11
4203;68.33
4740;73.06
5738;36.18
1388;58.22
2109;83.00
2784;0.00
4316;10.00
4586;75.61
5281;66.00
571;59.56
541;0.00
4052;83.14
4315;0.00
5410;19.50
5710;59.82
2809;33.00
1119;79.03
2297;40.00
2632;70.00
4343;73.17
4932;58.96
5844;65.75
6037;0.00
1527;0.00
1626;42.50
3444;70.32
4705;55.76
4937;70.55
5222;41.94
6001;0.00
4339;74.83
5869;50.33
5957;0.00
2730;54.18
2934;45.80
792;0.00
4246;49.05
4483;11.67
4709;69.80
115;61.17
1150;63.23
5497;78.50
3578;83.75
3828;52.41
4849;23.33
5803;0.00
5693;52.44
3520;57.50
352;63.25
4772;0.00
5223;79.50
2973;82.00
185;0.00
1138;71.30
1756;76.36
1848;47.83
3074;51.25
3352;28.33
2158;50.57
1308;29.86
1147;0.00
1662;58.00
1632;66.67
3209;61.91
3935;0.00
4494;65.00
5033;86.00
5037;42.00
5168;71.25
1492;68.17
991;85.50
921;70.33
3070;40.00
4022;0.00
5257;74.25
673;58.86
2713;55.21
329;79.61
611;0.00
3283;20.00
3290;0.00
2763;30.00
4956;67.12
5363;30.33
1293;75.78
3267;16.67
3254;75.00
2162;55.00
4713;65.75
4869;35.71
932;53.04
3048;57.76
1882;32.50
3147;0.00
4526;10.00
4863;71.88
3114;7.50
3226;74.00
3268;56.54
2073;67.50
4023;73.00
4975;71.19
3265;38.18
3783;53.37
3813;59.38
4344;73.50
5879;67.00
753;47.81
1216;72.88
1126;0.00
782;67.00
4183;78.57
4254;20.00
1166;82.39
3493;0.00
2651;0.00
3806;90.00
5122;67.63
5476;63.27
313;86.77
494;86.67
3014;34.23
1784;59.76
3130;66.11
3975;52.31
4940;68.72
714;60.60
814;81.48
1279;66.36
2755;81.25
4531;75.00
514;80.10
1297;68.55
1694;66.25
4378;0.00
4502;66.24
4544;81.10
4841;55.00
5140;24.71
2685;58.36
2909;53.00
1554;59.54
1037;0.00
1702;82.11
3528;0.00
2118;0.00
2315;88.33
4237;0.00
4261;76.54
5053;0.00
515;79.40
4944;79.52
5150;55.57
5231;87.00
5847;33.36
989;77.82
2767;57.79
1825;64.23
5059;83.76
5872;7.75
2970;50.30
344;0.00
1284;23.50
3440;22.50
2795;0.00
3247;67.73
3552;86.71
3805;73.22
4075;20.00
5577;48.40
2296;73.57
1446;31.67
1904;67.50
2026;85.00
2096;40.11
2355;71.33
5201;66.62
1979;29.14
2652;82.76
2842;55.16
2813;25.00
502;25.00
359;38.43
948;17.50
5020;65.10
1482;71.03
3103;42.33
3590;67.79
3767;50.00
4159;55.33
4236;64.62
1348;72.04
1614;80.21
3772;0.00
3994;71.25
5566;63.52
2921;64.14
2148;76.93
5247;70.52
3633;51.43
2023;55.00
4427;53.42
4479;40.40
261;0.00
1081;64.00
3088;47.92
1998;0.00
2610;35.63
3821;43.75
4111;53.93
2247;54.88
1939;62.52
3068;0.00
4507;38.33
5156;0.00
5587;27.67
6068;0.00
586;74.38
3619;39.29
4036;64.60
5864;41.50
5860;35.83
840;31.67
84;34.38
148;77.17
1101;69.74
1067;38.00
1480;43.70
2195;16.67
4699;21.67
5338;31.11
6006;0.00
1725;79.00
4153;0.00
5361;54.82
5463;62.46
3936;0.00
4276;0.00
4416;26.67
4852;51.67
5323;31.75
803;64.90
2807;50.83
333;74.15
947;74.33
1964;47.50
3330;76.66
3599;0.00
5601;32.00
5573;84.60
741;76.25
849;79.86
1361;49.50
1435;55.26
4714;58.03
5351;0.00
1665;65.17
2524;45.00
5778;60.33
2979;0.00
316;37.67
3089;60.42
3160;0.00
2517;68.33
940;70.86
94;49.50
816;0.00
2154;0.00
5105;14.25
12;57.32
120;46.44
-12;85.50
1200;0.00
3278;71.00
4499;68.33
5952;0.00
1115;55.30
3317;44.27
2206;0.00
2336;74.64
4390;75.24
4322;77.81
4658;61.00
4719;55.00
5538;69.00
2748;57.83
1408;54.04
1799;58.33
3339;58.64
3586;58.75
3589;65.00
2238;0.00
4415;0.00
5136;34.15
5537;85.00
865;55.80
2583;64.67
241;67.79
2352;0.00
2410;0.00
3745;68.38
4884;0.00
1618;62.73
3692;33.13
2008;42.00
2385;22.69
2493;40.00
4041;35.57
1437;80.00
2265;0.00
2485;59.50
2536;87.50
5134;13.00
5626;0.00
2279;54.08
4324;66.57
4355;68.15
4465;76.00
5389;79.95
6058;0.00
3058;40.00
2698;8.33
4268;0.00
4347;0.00
5329;64.50
870;82.63
1006;70.46
87;41.75
2429;68.07
2919;83.68
737;60.00
1795;18.33
2695;0.00
4032;67.82
5534;58.45
5583;0.00
5823;39.86
1565;71.25
1831;36.00
3392;51.61
3699;10.00
3897;73.33
4634;66.86
5805;0.00
6064;0.00
758;63.53
992;62.18
1812;54.27
3688;20.00
5768;0.00
3279;82.50
3624;40.00
5145;71.40
5998;0.00
108;80.17
1080;83.75
1309;40.00
3059;49.26
5138;68.40
5414;7.75
3524;0.00
2575;56.43
3886;35.67
4175;48.67
4101;67.50
4637;68.02
4408;50.02
4543;50.21
5058;27.50
550;73.85
4999;0.00
5500;64.50
2631;49.51
3457;55.80
2332;0.00
4361;0.00
4649;16.67
183;39.29
2737;44.00
1545;55.00
1830;20.00
1720;50.00
3368;36.84
5446;47.13
2752;80.50
3946;51.50
4527;89.38
5207;0.00
2676;51.00
1314;72.15
2682;47.00
3261;61.64
4092;76.98
4643;0.00
1196;21.00
1148;68.00
3532;29.50
5659;46.91
2769;58.86
1958;59.80
1605;68.00
6057;0.00
1266;67.71
643;81.25
1354;75.07
1779;71.43
1705;6.25
2454;62.26
4129;0.00
5472;64.41
863;84.28
1318;80.00
4405;0.00
2074;64.07
764;71.67
1195;60.12
1548;61.17
4994;71.30
2876;50.52
1258;75.00
1829;90.00
5331;63.46
860;79.04
2824;23.10
86;39.20
4162;0.00
4509;71.32
5063;6.40
5148;47.50
5735;43.31
530;78.74
781;61.11
2593;65.22
53;73.00
2142;95.00
4444;77.89
5300;51.14
5448;59.42
5555;81.50
5575;20.50
531;57.78
365;58.62
3650;75.30
2275;0.00
3795;60.26
5310;31.75
509;0.00
3814;67.63
3955;80.14
4924;86.25
5090;83.71
5274;0.00
5646;0.00
2871;63.33
209;81.58
2090;100.00
2236;59.38
4106;83.57
5339;46.25
5689;45.38
832;55.00
1566;23.00
3337;86.14
5086;63.79
5609;43.67
6023;0.00
6013;0.00
815;97.60
4318;51.36
5681;42.17
5782;0.00
6018;0.00
1855;90.20
4808;70.65
5818;41.56
889;43.06
2719;78.79
2818;35.83
377;85.63
1185;17.40
3770;69.50
3808;23.33
4825;57.31
2562;58.00
3137;46.67
2245;55.40
5482;37.09
978;90.50
3079;79.44
2444;49.10
3958;57.00
1012;39.13
2736;72.55
2790;76.56
1088;0.00
279;54.50
1394;69.79
1518;55.56
3744;77.63
4524;74.16
357;86.42
2257;68.64
3155;41.70
3570;32.79
3867;0.00
2642;26.98
1179;55.32
1385;66.18
5072;61.20
5165;71.47
5832;43.44
3065;8.57
1867;52.86
5599;0.00
1333;70.42
3568;59.12
5184;66.69
5947;0.00
5546;86.14
2266;57.56
1921;79.14
3719;55.12
4118;73.71
4078;46.11
4761;82.39
3572;0.00
5620;26.67
2988;67.94
1742;85.00
3021;62.78
3865;26.56
2088;60.29
2550;36.56
255;60.50
1233;47.73
1824;73.29
1789;70.00
3426;72.86
2671;48.75
3912;35.00
4286;80.65
4669;61.84
5346;53.25
2827;42.50
476;0.00
3452;91.25
2284;2.50
2377;20.00
4760;58.75
5208;59.43
5715;0.00
522;90.82
1571;76.46
1683;76.67
3282;57.50
3460;61.67
346;86.00
3468;0.00
4402;0.00
4599;0.00
4605;32.31
5220;55.09
5402;32.20
1484;83.33
1711;13.13
2595;48.13
4114;0.00
4724;46.12
5761;48.40
3203;58.33
2287;48.57
5360;46.33
5602;33.00
2957;0.00
641;0.00
4126;0.00
5905;0.00
711;87.50
113;76.50
2735;35.00
2378;68.33
5863;64.60
696;67.00
1638;54.00
4325;77.67
5409;47.67
6040;0.00
3287;52.09
3627;61.07
5041;61.00
787;70.32
2638;71.76
2811;73.61
304;38.50
3040;46.25
2198;0.00
3859;10.00
5126;32.42
5433;62.21
5791;63.00
2901;72.28
2202;54.91
5395;41.67
402;0.00
2353;0.00
4020;60.10
4142;20.00
5657;63.22
2181;63.59
614;49.00
1228;83.21
3629;58.75
2888;53.47
2995;22.50
1473;70.00
1927;58.75
2623;89.38
2756;0.00
4725;81.33
484;50.19
3516;65.63
2095;57.95
4345;79.14
4545;30.82
4840;55.00
4996;66.89
6008;0.00
2113;40.00
3011;0.00
3702;57.15
3753;0.00
5754;25.44
2906;58.32
2488;74.75
4757;84.88
5152;70.12
5506;53.00
697;60.78
1627;62.77
1159;18.25
3298;74.58
3442;18.33
1886;47.50
4443;78.56
4504;60.56
5495;95.85
5540;12.75
1005;91.50
2483;50.00
3928;0.00
4191;87.50
4233;81.48
2539;68.24
2968;66.88
2993;0.00
1407;72.06
4578;0.00
5964;0.00
1588;73.00
3354;86.33
1608;0.00
5282;69.91
5728;20.00
1649;55.73
2658;46.88
3513;68.40
4158;36.48
4933;54.63
5421;61.58
5457;89.08
5743;47.00
655;46.43
1811;87.86
3124;28.33
3435;0.00
4308;74.96
5066;0.00
311;61.43
1124;68.27
3110;61.34
3182;21.43
4748;61.86
5091;0.00
5224;31.17
2764;71.25
1072;82.63
636;49.85
2479;24.00
2513;36.50
4671;65.56
4795;53.44
4879;37.83
197;70.67
2334;65.78
382;0.00
1581;68.74
3315;11.25
3515;55.00
3506;81.23
1970;71.25
3820;51.82
4213;69.50
5487;60.63
1537;40.00
1516;75.00
2645;51.25
653;16.00
2625;0.00
2643;37.86
459;0.00
4358;88.13
4590;73.50
6045;0.00
988;75.75
1227;46.00
1570;66.75
3066;52.86
3239;80.00
2568;32.86
3839;83.18
114;89.78
1140;76.20
4229;33.33
5699;61.46
786;72.00
119;54.87
2996;52.73
1190;62.68
407;66.00
4070;89.52
5343;57.43
1323;54.00
5798;53.50
698;81.76
718;68.14
2476;36.25
4226;45.63
5003;51.80
4945;33.77
5501;0.00
1158;82.33
3154;44.74
5379;26.50
944;59.04
37;74.42
2630;62.27
370;70.10
263;93.50
3700;40.00
-37;80.00
789;0.00
1421;41.25
1606;50.00
2004;77.31
4253;61.11
4758;70.36
2998;46.75
1178;28.14
1835;55.71
5465;58.76
5503;66.75
704;75.41
2209;65.00
1997;62.31
4752;77.09
1924;69.68
2578;85.00
5956;0.00
6016;0.00
2699;62.74
2889;74.62
1944;74.29
4794;45.36
2825;42.67
1664;75.00
1856;93.14
4732;9.29
1057;60.13
1787;84.29
3094;0.00
5924;0.00
3176;35.00
3796;42.50
3833;52.50
2467;66.80
3764;78.75
2948;36.25
3038;54.05
3284;25.00
2301;64.40
5103;65.69
3487;66.00
2040;0.00
4382;47.87
2944;59.75
381;74.28
3029;81.00
1717;65.54
3591;0.00
3810;70.66
4357;51.14
4497;0.00
5571;12.00
731;56.25
1109;34.17
3107;52.69
3165;56.75
5046;63.50
2486;26.76
1844;42.50
3667;46.25
5211;71.55
2569;41.67
1339;48.40
3445;0.00
2611;60.58
4019;52.50
4913;58.76
5976;0.00
139;91.44
2989;0.00
1390;68.25
619;85.00
2911;50.77
3407;65.00
4533;74.87
579;54.17
43;58.70
-43;31.25
430;75.50
1288;69.42
3957;74.70
4201;0.00
4300;0.00
5790;42.17
5496;25.50
4097;43.89
4677;90.45
4796;27.53
4914;58.59
5308;58.50
4112;0.00
4918;67.67
2502;38.25
3784;0.00
4899;76.61
2688;64.75
2722;48.53
2870;62.50
287;48.00
1818;26.00
3393;5.00
2222;65.33
4435;47.23
4438;71.72
5302;0.00
475;52.58
1243;43.86
2022;0.00
4611;75.49
4750;0.00
5049;86.00
2740;64.13
1528;55.10
3644;46.25
274;0.00
4909;87.63
2373;54.85
1059;69.13
1878;70.41
5137;72.26
1212;76.59
1597;10.00
1885;43.57
2304;65.31
3852;70.50
2724;56.75
2962;0.00
489;50.00
2183;42.50
2179;49.40
2331;61.67
4890;0.00
5622;63.33
5541;0.00
2507;54.50
418;0.00
3073;53.75
2449;5.00
4180;49.00
5015;37.44
5406;58.89
5678;69.00
-18;51.38
180;52.00
1800;85.50
3609;52.86
2681;0.00
1058;79.25
1358;0.00
2274;100.00
4562;87.50
5026;83.50
5604;32.83
881;83.94
151;85.21
2538;47.05
2753;32.50
2946;66.45
1510;82.50
3157;37.14
3802;46.67
4033;52.50
5941;0.00
1641;57.50
3602;46.81
2333;0.00
5390;42.25
5836;37.44
195;0.00
1950;54.80
3195;30.36
4744;69.30
5185;61.00
5612;0.00
5878;82.00
1153;34.50
2169;61.67
2725;0.00
4463;63.75
4583;90.00
4704;70.14
5708;54.93
5391;47.25
3533;51.71
2170;57.23
217;0.00
3976;55.42
4284;60.56
4986;82.89
842;68.00
1286;75.14
1285;15.20
5246;23.80
2734;0.00
4083;54.93
4675;71.58
5256;33.06
2854;76.25
709;76.67
3948;31.11
434;64.83
893;44.15
226;15.00
1084;0.00
1464;25.00
3724;88.33
2260;16.67
4340;40.63
4784;48.00
3274;82.23
2624;16.25
3736;53.75
4216;0.00
706;80.09
4013;74.23
5279;35.05
5641;51.29
2356;72.60
3747;86.25
4143;64.80
4486;64.41
5801;0.00
1189;79.82
1639;0.00
4528;81.22
5233;0.00
5362;62.89
7;86.24
700;0.00
3471;40.00
-7;100.00
3801;63.38
117;36.83
1152;60.04
1170;59.29
2111;36.67
2295;65.42
4941;69.33
5352;11.50
5712;61.83
577;59.00
2514;65.23
312;69.80
675;82.50
3120;53.67
2586;0.00
3963;53.33
4873;77.33
5770;39.50
2899;46.33
2055;65.72
4148;24.58
953;81.57
592;70.00
5357;66.92
6035;0.00
5920;0.00
901;81.25
2776;83.07
1114;85.40
1604;65.57
1972;78.64
3081;0.00
5744;73.11
2577;77.97
519;81.89
1511;72.10
1709;65.75
2680;29.17
2068;26.67
5190;85.57
5664;41.29
4016;0.00
4768;78.00
2837;63.89
4217;30.00
5901;37.38
2972;0.00
4702;0.00
5298;84.50
2986;20.00
3639;0.00
2119;90.00
4594;78.65
716;41.54
1364;50.67
3206;57.67
3669;60.24
5648;53.93
1865;44.16
4192;41.67
4737;44.18
5227;6.71
2696;80.15
2398;48.14
1441;79.78
1432;59.50
2457;0.00
3485;0.00
4679;50.53
4888;37.50
5591;40.67
2892;64.44
364;63.55
1011;31.69
3640;74.59
2533;47.56
4249;56.00
2987;46.80
654;0.00
1066;80.00
3117;57.67
3418;57.92
4793;35.97
4946;0.00
5266;87.75
472;14.17
1481;88.39
3314;85.68
3375;27.50
4720;62.04
4736;57.35
5287;34.50
2907;0.00
128;0.00
2683;59.80
2123;0.00
5107;76.00
2920;86.26
2918;51.94
292;73.00
2076;61.25
378;68.60
3803;40.63
4189;0.00
1933;84.35
2218;76.91
4122;53.70
5353;62.67
5751;81.33
5822;37.22
5936;0.00
1048;62.23
1529;64.51
1312;50.20
242;0.00
2420;58.18
3877;10.83
4332;56.56
4426;0.00
5319;67.17
529;83.57
674;49.57
2703;59.70
2933;70.97
1763;55.00
4412;26.00
5290;81.00
1669;67.91
3606;42.41
2264;0.00
4607;67.84
4501;57.22
4522;71.23
2255;0.00
4171;40.63
194;63.81
351;67.82
3510;92.50
1940;86.67
4437;76.25
5674;58.36
5898;45.88
5978;0.00
766;39.38
902;45.00
3704;0.00
2237;74.69
2874;69.66
1678;67.37
3419;48.60
2678;78.33
5021;52.79
5277;69.17
1631;70.00
3171;18.00
2351;37.50
4377;62.12
4844;39.47
5969;0.00
1938;70.08
4046;10.00
5824;30.00
5931;0.00
2843;0.00
1154;56.07
1593;88.00
1803;0.00
3097;64.72
3523;0.00
4043;39.60
4144;45.83
2999;42.50
1616;58.90
2286;15.63
2376;14.88
5467;10.13
5981;0.00
844;78.38
1251;79.05
3158;38.33
4904;72.64
5686;34.80
1036;100.00
1474;95.00
3227;43.80
3615;71.51
2104;0.00
5979;0.00
956;29.32
3708;54.30
2065;71.10
4593;81.36
4779;88.62
4965;71.81
5142;35.00
5594;85.07
6022;0.00
3173;0.00
3666;63.48
2474;0.00
3737;36.88
5071;0.00
125;58.68
1250;21.67
1416;65.00
1936;70.77
3596;60.10
5491;57.25
5493;23.70
1672;56.53
2621;88.75
5806;24.00
703;75.00
3574;58.41
4240;39.38
5760;37.09
1815;37.18
3241;75.91
3447;52.37
2163;65.00
2324;87.50
3953;71.96
2950;59.13
295;41.50
374;75.13
1256;53.55
3740;0.00
4389;37.29
1738;68.33
4853;64.13
4947;27.50
1488;58.83
1875;64.95
4746;66.15
5902;74.67
1162;74.11
4783;38.33
5412;42.43
318;54.78
3180;51.67
3245;75.58
5327;49.80
987;79.08
943;63.45
1076;62.80
3224;60.24
3221;53.63
2263;0.00
4665;74.19
5809;0.00
1073;56.75
2894;54.94
847;30.33
2037;82.25
2692;24.67
4235;69.47
666;64.46
1;66.10
2547;53.21
2939;73.17
1000;68.00
100;77.50
-1000;0.00
-10;0.00
1155;78.44
1202;58.68
10;29.71
-1;40.00
2342;0.00
3571;69.60
4922;85.00
5113;0.00
5713;55.73
239;53.17
979;45.00
3006;61.25
1457;25.00
1730;46.67
2390;80.00
4119;51.95
5143;72.55
1136;9.75
1685;50.00
3264;0.00
3333;58.50
2312;61.86
4449;74.17
5238;57.86
5383;58.33
804;51.67
1398;65.32
1415;82.24
1688;48.33
4012;0.00
4621;34.86
2316;56.10
1947;60.34
2883;50.31
1594;58.75
208;93.33
3229;58.60
2080;95.00
4362;65.45
4673;0.00
5108;60.57
5729;12.67
2847;0.00
3069;0.00
682;73.88
702;55.83
3131;89.19
2439;87.50
3927;67.73
4295;62.00
276;70.80
1654;56.25
2215;71.74
2282;87.22
2760;0.00
3778;84.38
968;42.06
207;17.00
3434;61.59
2070;23.89
3401;36.93
3604;61.25
4093;40.00
4436;57.13
5929;0.00
171;73.00
1410;71.00
1628;61.87
2035;78.89
3793;0.00
4071;69.38
4221;67.86
4951;46.92
385;65.53
3338;38.33
1786;0.00
3850;11.67
177;70.69
5068;58.87
4939;80.85
5734;55.27
3906;35.00
4352;45.50
5478;43.95
455;68.09
2267;0.00
2433;23.00
4064;72.82
4550;87.69
5214;44.17
3083;24.50
3378;0.00
3889;71.50
3926;54.50
4976;74.29
4995;60.44
5574;87.00
5749;79.67
6011;0.00
2043;41.00
1663;36.50
3381;27.13
3725;77.41
4309;72.30
4642;64.50
5191;36.40
981;35.95
2749;59.80
2835;0.00
3934;0.00
3972;68.93
2434;59.13
3099;66.03
2125;47.50
2512;34.00
5012;72.81
5439;64.50
995;46.00
4657;76.00
5764;39.73
5658;40.27
5986;0.00
2746;37.50
528;87.60
4238;34.58
5280;40.45
5793;61.67
5826;16.40
331;83.89
3271;59.00
3310;55.63
3537;77.78
4086;10.00
2833;34.00
1271;59.89
2675;0.00
3944;70.75
4374;46.67
5595;39.71
5675;51.71
1620;57.09
2770;0.00
4396;20.00
4717;55.33
5394;0.00
558;84.43
878;77.89
1187;61.17
1522;61.00
3443;73.91
3761;63.78
4969;78.27
5580;64.00
6042;0.00
911;50.83
1083;49.80
2276;88.00
3728;36.25
3992;17.50
4085;79.50
4482;46.55
4997;30.33
5241;32.58
3044;0.00
1671;3.13
2031;5.00
2591;0.00
736;0.00
4423;76.97
5489;14.25
1029;78.45
2882;42.38
1254;62.92
5209;71.95
1758;88.13
3275;42.94
4104;71.46
2527;73.79
1495;66.88
2105;68.78
3757;66.67
3964;53.71
4815;27.50
5144;32.89
5819;20.00
6029;0.00
2626;70.23
2985;8.75
2014;0.00
3411;5.00
5158;66.37
5269;0.00
957;81.44
3592;86.98
2469;0.00
4145;48.33
4771;59.64
2838;0.00
394;71.83
3093;59.40
2532;20.00
3940;55.77
4731;62.50
4861;0.00
5104;81.78
5647;39.81
161;78.53
1157;79.20
1610;49.29
1599;77.67
3686;62.30
2258;32.96
2669;7.50
3823;60.00
4050;41.97
4398;28.64
4363;60.82
5254;8.25
5444;64.00
660;73.95
5711;0.00
1718;68.75
3536;49.38
2072;0.00
2399;71.00
4120;66.90
4475;0.00
4954;57.71
2003;37.14
2788;1.43
4001;79.44
5464;32.45
1681;61.44
3204;23.38
5629;73.90
5853;32.78
211;79.67
830;86.50
1035;37.00
1412;81.08
3255;30.00
2110;75.00
2504;37.86
3616;61.11
2242;49.29
5242;62.50
5874;39.00
1502;69.19
3841;25.63
4506;60.03
4564;49.38
5193;15.83
1031;61.96
4597;68.12
6;68.50
570;37.80
57;92.00
600;44.75
-6;90.00
1579;63.50
3136;30.38
3273;61.25
2044;67.36
4862;65.71
6000;0.00
2646;58.48
1962;83.63
2629;0.00
4897;52.00
5959;0.00
1022;61.05
2422;39.94
1667;92.00
3463;14.92
3956;28.33
4695;26.50
4666;0.00
1283;70.76
3197;39.09
3214;64.25
3412;0.00
3625;72.86
3937;67.50
4835;26.21
4952;60.44
2846;0.00
2873;50.00
3219;65.00
1984;15.00
2291;58.82
1373;0.00
3125;46.15
5526;15.00
793;70.47
971;76.29
5303;50.53
5488;59.00
384;58.83
3465;61.06
3840;55.86
2616;64.38
2596;72.06
3095;73.33
2294;0.00
3711;12.50
4769;0.00
705;87.75
4278;68.16
717;81.50
149;0.00
2567;63.61
1490;85.37
334;68.03
3340;50.92
5481;32.75
811;56.48
2155;39.00
4977;32.92
1673;61.50
2459;87.50
2546;37.50
5131;0.00
5124;6.50
5366;32.07
5723;56.00
5875;0.00
508;88.56
3119;37.22
3403;13.50
2409;82.62
4418;50.00
4530;76.06
5045;31.63
5080;60.85
635;68.25
3395;27.33
4342;59.44
5295;83.09
6050;0.00
941;49.00
3601;31.74
3664;50.00
4152;27.62
1517;75.86
3078;26.65
4369;81.00
4532;50.80
5549;12.50
2976;16.00
926;18.33
3446;21.88
3526;0.00
4014;0.00
5429;66.72
5807;38.63
3047;52.33
3096;47.33
4068;0.00
4301;40.63
4792;35.00
5159;26.21
5447;38.17
2822;63.06
2187;73.03
1703;73.71
1846;57.37
3328;0.00
5057;80.49
5048;53.05
1177;40.00
1477;58.30
3423;68.11
2132;36.00
2131;61.49
2506;26.20
3921;0.00
4079;54.88
5009;39.78
2793;78.00
557;87.88
1839;54.17
1883;40.00
2530;33.33
5570;32.38
1091;53.41
3503;68.75
2145;0.00
5146;0.00
5427;68.56
2639;68.69
341;67.46
3016;61.39
164;91.50
403;50.29
1462;10.00
1640;56.11
3410;27.50
3483;50.00
4030;85.00
6041;0.00
1346;42.75
5436;0.00
5989;0.00
1716;75.31
3497;54.62
2250;56.25
2190;34.38
3923;0.00
2347;52.00
3915;67.86
5268;54.67
481;66.25
1783;35.00
3522;32.50
3836;54.00
4810;80.63
4894;0.00
4927;67.50
2841;54.46
1409;64.22
1637;73.19
5296;44.41
790;68.38
1781;66.67
3595;40.63
2303;56.10
2292;36.67
4195;10.00
4307;58.15
5077;35.11
2464;24.55
3848;32.50
4876;55.00
5802;37.07
6049;0.00
596;60.00
309;67.67
3090;50.00
3614;79.83
2556;31.43
5943;0.00
4219;34.86
4565;67.50
745;39.00
-32;59.00
1289;75.29
32;66.68
1650;68.72
320;0.00
3200;57.00
3277;53.00
5781;50.00
608;28.13
2087;79.50
2387;59.57
3875;84.74
5792;0.00
2144;43.00
4076;55.42
2228;56.22
692;58.69
1847;49.31
5527;44.58
1468;0.00
3402;0.00
3684;37.69
3569;20.00
2221;62.50
5164;56.21
1506;61.36
4223;78.03
2690;38.75
269;0.00
1931;53.27
4548;40.63
2731;46.10
4351;0.00
5123;73.00
5585;56.57
3581;61.40
2059;67.50
2146;36.88
4813;9.50
179;73.71
186;26.17
1790;47.74
1860;10.00
3697;71.64
5089;0.00
5342;56.00
5324;28.75
5544;53.84
2078;65.59
361;78.25
3610;30.00
3689;87.50
2107;0.00
3723;86.07
4297;61.67
4584;81.25
5239;23.63
5345;36.00
5613;88.50
1019;45.09
2718;46.25
2960;30.19
343;57.14
296;76.59
379;85.54
1843;39.17
3430;61.25
3790;0.00
2693;60.90
3246;0.00
4672;80.97
2799;22.08
616;66.25
1191;0.00
1224;0.00
1657;58.33
3997;69.67
1501;82.96
2614;25.00
1041;69.54
1975;74.05
3567;76.75
2762;64.74
4733;0.00
976;65.97
617;0.00
583;36.88
5525;45.46
5638;32.78
5830;42.67
606;69.00
4204;81.17
5069;62.43
6060;0.00
2357;56.48
2840;74.75
2956;0.00
1094;81.10
284;61.75
1916;60.36
4094;61.05
4353;0.00
4336;58.13
748;49.00
3322;75.16
2442;79.35
3942;53.00
4174;53.50
4809;57.78
2075;0.00
2424;5.00
2777;0.00
2864;67.50
2942;0.00
62;43.00
2217;63.00
5149;16.18
1128;63.09
1161;32.50
1794;53.88
4055;71.32
4708;0.00
6067;0.00
2861;63.33
2940;6.00
294;95.06
2126;0.00
3954;0.00
4029;55.00
4558;19.67
107;81.35
1070;50.00
615;85.50
3111;25.00
3842;30.00
4710;0.00
-17;68.00
17;56.31
170;76.18
457;60.33
1700;61.23
1771;55.31
3507;25.00
3475;0.00
3648;81.43
4570;73.33
6030;0.00
1841;61.65
2361;0.00
5592;80.50
6002;0.00
955;36.82
5;69.56
50;80.00
2994;0.00
500;83.87
1079;63.11
3448;49.64
518;0.00
4514;0.00
5000;49.50
5180;20.00
5581;9.11
-5;65.00
1395;84.58
1769;31.67
3098;0.00
3303;43.80
3489;47.35
1413;41.25
3769;0.00
5166;63.50
5418;67.00
477;66.97
2977;56.30
1458;13.75
2391;0.00
3752;0.00
4770;68.00
5425;57.91
5796;56.85
1219;75.70
2401;15.00
3882;59.67
257;75.88
1299;66.04
397;68.23
2522;0.00
3970;39.67
5102;27.40
5432;69.33
691;75.27
3658;64.55
3943;50.49
5558;56.50
5763;63.18
39;60.85
390;47.50
-39;77.50
1143;53.44
3654;0.00
2348;55.00
3900;61.67
4640;0.00
4908;95.61
5065;58.53
5539;53.10
409;0.00
3832;63.19
4090;59.51
2714;66.43
3349;83.03
3621;66.25
3787;41.25
4147;32.50
5215;63.66
5417;17.25
5892;25.20
828;39.00
4066;61.74
1321;71.00
843;80.52
3876;62.22
5315;53.33
1368;0.00
3786;12.50
1377;72.11
958;65.13
2709;65.78
1556;76.70
4433;61.85
4623;45.50
129;75.97
1290;37.67
1379;67.33
3377;3.13
2436;46.90
4193;32.50
4365;35.31
1175;61.47
3225;0.00
3348;18.00
3677;0.00
966;78.00
3373;58.68
3486;37.16
3512;90.00
1951;57.27
5062;8.75
573;69.36
54;69.50
5400;33.75
5730;20.73
2849;51.25
3024;0.00
2367;61.11
2881;37.42
3371;65.00
4678;74.16
2716;49.27
2702;58.57
3967;81.72
4596;62.97
5776;46.50
626;76.77
2130;78.72
1108;54.83
213;35.77
549;0.00
1459;84.71
5774;33.14
5866;24.30
1959;51.00
3269;56.00
3495;0.00
2211;30.00
5490;57.50
5756;60.83
441;68.69
2677;67.13
4410;57.50
5095;38.87
5531;0.00
5737;50.30
929;18.89
2636;69.97
98;40.50
1854;65.00
4296;74.03
4458;41.92
5381;0.00
544;72.22
2672;40.36
5440;59.55
5953;0.00
5949;0.00
2647;49.00
829;80.50
1015;0.00
1244;27.80
1578;58.00
2388;0.00
6033;0.00
2168;45.29
4056;48.46
4228;0.00
4391;69.18
4981;71.54
5235;47.80
1359;25.00
3041;46.25
3060;62.16
2199;79.21
2167;50.77
306;0.00
4664;70.83
686;94.75
2765;56.25
1419;72.25
4728;73.58
5871;30.14
5919;0.00
726;100.00
3033;71.67
1852;25.00
1023;27.50
2302;66.56
4455;51.80
4646;48.82
5118;68.31
2684;64.25
1642;47.30
4197;0.00
2529;77.25
2097;0.00
5982;0.00
2701;66.29
2432;44.35
2017;61.43
2341;0.00
3717;5.00
4096;42.86
4471;56.35
1513;68.21
1494;27.25
4053;0.00
4613;20.50
5536;81.73
3681;26.92
3762;60.79
5996;0.00
4929;78.15
5325;35.38
5507;36.57
875;86.63
1898;79.09
2268;1.82
4359;56.67
1472;10.00
2413;52.75
2656;77.57
5746;45.33
883;49.80
2565;55.63
3045;56.53
4964;35.94
314;0.00
545;87.38
3140;68.45
3603;52.57
4184;42.25
4439;62.20
4571;67.50
5450;54.10
1893;69.47
1425;49.75
1403;83.75
1686;80.00
1914;66.85
3612;73.64
4283;0.00
4542;64.70
5733;0.00
5980;0.00
6024;0.00
797;0.00
1296;45.00
3655;63.10
4173;0.00
4208;0.00
4275;0.00
4889;46.25
5179;38.57
5458;77.35
5707;52.36
1311;56.00
1963;56.67
3106;42.70
3347;73.25
4655;85.00
5313;59.25
1739;84.38
2128;35.56
3816;63.46
3811;59.38
4487;29.50
5293;0.00
4551;63.33
5288;74.59
5387;63.13
4407;2.50
4683;59.65
959;57.36
595;56.00
1245;79.97
3733;43.06
4146;45.00
4617;23.89
5579;65.06
5950;0.00
3159;0.00
3518;0.00
4004;6.67
4949;23.75
5135;38.21
5337;0.00
5963;0.00
1046;71.00
169;64.89
1690;80.69
4005;10.00
4154;0.00
2566;54.38
1922;63.70
3904;84.38
3785;87.78
4604;71.07
4943;62.63
5167;20.83
6043;0.00
6025;0.00
2803;50.50
1503;57.50
3479;78.75
3663;41.25
2581;0.00
4553;50.38
4858;72.73
2852;40.00
174;64.38
2340;0.00
796;0.00
5396;0.00
5741;41.67
1009;0.00
1208;57.46
2806;55.45
2903;27.50
1249;52.70
1483;67.18
2418;0.00
4211;90.33
5198;63.82
5856;21.83
2694;42.11
319;69.86
3190;35.00
2178;0.00
5794;48.27
5812;32.73
512;87.85
2093;19.38
4843;40.55
4973;0.00
5120;26.20
1050;49.36
1411;0.00
1877;58.13
4381;63.64
1648;56.57
1682;54.78
3181;0.00
2227;55.50
5055;63.14
5498;58.13
2774;60.00
772;74.80
4781;31.30
561;50.80
2655;0.00
4495;50.07
5610;0.00
3027;72.75
1913;0.00
2417;20.00
2850;21.11
3433;63.77
2535;51.67
5747;0.00
503;72.14
1755;83.90
1866;87.50
4247;69.07
4601;51.46
5030;38.70
323;75.56
458;72.88
3019;62.50
3230;57.84
3675;74.09
4580;60.00
533;48.10
216;52.50
168;64.29
1524;85.42
1801;75.00
1680;60.00
1994;40.68
2160;57.05
4762;45.59
5330;70.96
5918;0.00
2253;73.65
1350;0.00
1515;76.56
3387;80.71
3751;18.75
4231;61.17
4281;95.00
4485;65.65
5627;9.50
2742;61.17
3148;0.00
2358;45.31
3781;0.00
4161;8.67
4241;37.22
5510;55.67
5605;62.53
5852;0.00
2492;55.58
1871;0.00
3978;51.18
4008;0.00
801;49.00
1429;83.93
2314;45.00
2525;47.79
4134;46.35
5453;38.40
366;78.39
3237;63.56
3425;0.00
3660;61.88
4103;21.54
2848;38.33
2127;0.00
5322;35.89
1372;39.50
1842;58.67
3139;0.00
2668;67.00
3986;0.00
4450;70.68
2928;85.00
332;70.45
946;0.00
3320;12.50
912;55.00
2156;63.50
2792;63.50
3743;45.00
2318;62.90
3258;30.00
4535;62.15
4812;81.85
5034;67.11
5479;42.61
756;62.13
2335;74.70
2964;41.88
3693;23.00
2446;26.67
3959;75.00
4648;84.39
4836;5.27
4916;25.88
5174;74.13
5958;0.00
2863;0.00
447;73.43
1623;58.31
3691;53.43
4470;54.58
5260;28.36
5987;0.00
785;83.72
181;69.97
321;54.80
375;82.13
1810;83.83
3210;30.83
3565;76.14
2448;37.50
3750;37.00
4488;42.44
683;78.64
560;85.52
1231;38.44
5600;60.69
302;53.28
1367;37.00
3020;44.68
1624;68.52
3558;16.88
3543;81.82
4274;76.14
4367;36.43
1448;50.00
1753;0.00
4625;15.00
5407;39.20
1298;60.55
3374;58.67
3498;0.00
2204;84.75
2471;25.00
4663;71.07
2667;64.63
856;69.75
2045;18.75
3966;57.25
5116;59.22
3929;47.50
4169;41.67
5468;9.95
1052;34.00
2346;0.00
4239;33.00
5752;45.81
301;84.14
1151;71.03
3010;72.00
1751;51.67
1777;80.00
3626;0.00
2106;75.00
3809;48.22
5514;67.40
5614;55.18
2866;6.67
376;75.73
3760;74.75
5348;71.00
5588;65.87
1018;62.78
339;67.93
3390;67.23
3293;30.00
3462;35.38
5435;41.95
747;46.67
1163;91.00
3234;30.33
3252;38.08
3415;0.00
2657;20.00
227;0.00
1386;0.00
2270;20.00
2615;66.43
4262;60.00
4907;5.00
5888;37.50
903;21.75
1197;0.00
1645;68.85
2516;0.00
4800;46.27
338;0.00
3291;42.78
3380;0.00
2496;0.00
3996;64.30
5178;79.42
452;87.29
1104;0.00
1874;37.50
3651;70.15
3888;34.38
4163;69.17
4520;40.03
602;70.60
1773;44.38
3212;47.22
4759;69.06
4978;91.84
6020;0.00
1111;45.00
3169;44.38
3077;59.89
3116;57.18
3167;47.86
4061;68.75
4472;61.77
5742;34.00
5652;33.60
872;88.25
1173;80.00
1809;0.00
4654;61.58
5019;71.64
5188;36.78
5437;65.80
5932;0.00
2880;67.50
288;57.75
859;55.94
398;0.00
2523;0.00
3980;49.42
221;52.25
2191;75.30
2210;50.00
5125;67.60
6012;0.00
637;58.43
3335;31.67
3891;14.52
4115;25.00
4745;60.88
2618;67.47
2754;71.50
762;58.00
3843;75.00
3939;35.00
5542;63.33
1418;78.67
4837;0.00
112;88.50
624;47.56
1792;34.00
1849;62.71
2732;0.00
5724;0.00
5917;0.00
2660;80.42
266;69.45
3703;23.75
3734;73.54
4117;73.33
4414;0.00
5438;39.88
5944;0.00
2728;55.77
1235;20.50
1857;56.25
1930;70.92
3388;89.38
2083;0.00
2664;63.40
5401;72.07
5972;0.00
449;82.42
1478;69.59
1823;66.79
3032;20.00
3461;69.42
4490;49.88
4694;0.00
1116;80.00
5117;33.83
6051;0.00
1838;87.70
3399;73.24
4027;0.00
5528;0.00
5825;38.00
1267;64.93
1139;57.31
1402;73.22
1942;27.86
3563;64.80
2239;37.78
5739;0.00
6047;0.00
2557;43.00
1098;42.36
2062;43.67
2192;0.00
3827;65.63
3982;86.25
4806;47.14
5705;27.00
1455;15.00
1949;60.34
468;45.00
755;65.00
4587;30.50
4680;42.50
4839;89.68
4988;92.42
1873;32.50
2034;70.00
5889;35.60
799;69.18
369;42.50
3690;0.00
4798;52.00
4883;49.80
5895;30.38
734;76.25
2885;0.00
1695;70.31
1767;67.50
2028;15.00
3288;0.00
3849;0.00
4430;78.28
5814;9.00
4958;75.81
5236;74.71
1897;88.57
1911;73.97
2214;58.18
4007;0.00
2844;71.54
2727;55.93
3382;22.50
1821;25.00
3491;52.50
4804;69.29
342;70.00
1169;90.82
3028;73.15
3494;84.00
3420;67.22
4453;72.40
4701;24.57
5876;28.67
1287;73.57
3539;44.75
3845;58.64
4639;47.44
2927;64.05
2425;62.19
401;65.75
3064;42.50
4010;69.85
4797;48.00
5115;28.17
5543;52.79
5603;0.00
5903;0.00
728;56.43
3429;41.00
1892;71.86
2089;0.00
2283;51.43
2926;48.18
1082;85.00
1987;40.00
2305;0.00
5155;77.89
5519;45.14
2705;54.00
2815;42.44
2855;37.50
2505;12.50
5114;97.50
5714;57.92
749;55.75
848;78.78
373;71.07
962;59.40
3009;57.92
3730;62.00
5553;31.00
5951;0.00
2564;81.29
1542;70.76
1946;75.84
3933;52.86
510;65.35
51;31.50
2607;91.67
4326;80.55
4855;57.44
5100;63.29
783;90.25
3605;72.50
580;78.40
2773;0.00
4102;55.00
4113;0.00
4877;44.88
5398;60.58
5800;48.00
59;81.07
2975;0.00
609;39.45
671;0.00
590;70.00
3194;16.67
2775;0.00
4707;44.25
5900;20.25
950;71.37
95;79.19
5028;40.60
5991;0.00
1788;77.73
1748;76.42
3183;42.00
2019;66.67
2186;79.14
2307;46.67
4279;0.00
4555;57.50
556;85.13
5560;42.43
30;43.00
300;77.72
3000;0.00
-30;0.00
2121;8.33
-3;88.33
482;80.00
3;0.00
4820;38.33
5561;46.83
5775;12.50
622;80.00
1832;83.11
3363;55.00
2152;51.60
4538;66.26
1206;32.00
3712;73.54
3883;78.53
4018;45.75
4299;75.41
1215;27.33
3825;74.65
4512;64.96
5036;38.00
5721;28.20
328;92.23
1064;68.26
3049;82.44
3036;68.33
1519;83.79
3280;35.19
2475;5.00
5210;0.00
1991;80.00
2549;0.00
4409;52.22
5079;0.00
5631;0.00
212;57.60
3175;16.67
3701;81.67
3729;64.91
2120;48.11
2494;90.42
3656;57.03
399;47.92
229;83.60
1282;33.89
3276;76.27
2290;33.75
3990;74.72
5171;0.00
5502;28.50
5452;90.00
633;92.00
3422;74.56
2487;58.75
4185;54.21
4903;48.92
2687;61.23
1313;72.00
1945;34.44
3362;58.95
2365;0.00
5023;50.25
2723;53.00
2945;74.29
4091;6.67
5384;62.42
5759;0.00
771;76.79
2859;0.00
2893;61.60
3005;42.50
1397;43.50
1486;73.75
1899;0.00
3668;78.03
4742;0.00
5644;50.94
661;38.83
1265;0.00
3554;75.83
2223;70.86
5221;49.74
184;69.56
3248;42.50
3417;28.33
3676;40.71
3611;84.35
2054;27.50
4346;0.00
520;72.78
2980;25.71
877;37.00
3084;53.45
3696;82.18
2225;55.69
4569;67.00
4723;44.69
5025;70.31
5200;42.60
353;87.53
1504;57.00
3530;27.83
3908;0.00
2794;38.95
2914;11.67
927;0.00
565;0.00
3424;0.00
5650;40.75
2042;76.71
431;0.00
1337;41.50
525;50.00
4310;64.41
4872;0.00
5040;53.89
5250;0.00
922;62.85
426;80.57
1559;76.50
1827;78.75
2392;55.00
4260;84.14
2704;52.41
454;89.55
2739;0.00
3855;89.23
4540;74.81
4751;27.50
4980;28.33
322;59.50
651;80.13
3220;0.00
2617;0.00
2796;0.00
4139;82.19
4425;0.00
5181;55.24
2423;80.13
3357;0.00
4255;55.00
4585;30.00
4689;0.00
5582;25.25
2053;56.13
2234;43.33
5928;0.00
5933;0.00
2971;62.00
2136;0.00
4017;35.00
4305;0.00
5128;26.25
5772;5.00
5153;35.00
2922;0.00
3198;58.93
3505;67.88
4511;58.50
5706;54.53
3156;48.45
4845;35.19
5455;55.04
5505;24.00
5997;0.00
389;69.20
2243;53.36
3890;17.11
2560;36.67
513;90.00
256;0.00
2463;18.33
4726;78.08
5130;50.10
5677;69.60
3313;60.10
612;69.00
4628;51.67
5225;37.33
1549;58.33
3344;67.50
2337;63.75
3775;66.36
5278;0.00
189;20.50
1890;53.10
3067;0.00
3765;0.00
2831;75.00
2897;0.00
634;64.00
1127;33.00
2011;0.00
2394;18.13
4799;18.00
4955;0.00
5192;51.04
5307;37.82
6066;0.00
578;80.46
2189;0.00
5777;53.00
5780;47.08
5883;0.00
907;57.00
4397;69.66
5101;0.00
5182;62.00
1016;52.86
3527;73.33
4006;70.96
4774;80.92
5783;40.90
1349;35.57
2139;0.00
4009;0.00
710;75.25
71;89.67
3385;37.00
3482;46.43
3466;76.34
3025;46.36
3257;40.63
2594;47.86
432;42.00
1273;32.50
2329;47.67
2438;30.67
4320;71.21
4477;41.65
996;80.50
1205;67.80
1859;87.50
4985;90.40
6054;0.00
1677;62.88
4868;0.00
5619;65.75
5624;4.00
3694;79.88
4598;0.00
-28;82.50
2800;25.20
1013;31.25
567;85.00
28;0.00
3741;7.00
5670;57.69
5942;0.00
2726;50.72
428;72.17
3873;54.91
4164;52.00
4280;20.00
5305;0.00
727;68.57
2779;32.08
1182;33.80
1343;75.88
3122;62.03
2009;83.28
2066;61.56
4209;64.31
4833;81.60
5977;0.00
5799;0.00
272;88.50
2559;13.75
2720;0.00
3824;71.75
2751;32.00
2501;40.74
410;62.75
-41;84.25
1268;0.00
3054;0.00
4668;74.21
4811;64.44
5121;72.34
5098;2.90
1697;71.00
3003;40.00
411;81.00
2603;52.00
4110;77.73
4302;82.50
892;74.74
479;0.00
1307;80.70
1735;80.00
1851;78.93
3653;61.50
4194;20.00
4790;90.00
5039;45.09
5106;69.60
5625;36.00
2943;31.67
1696;36.11
3211;42.86
4015;53.00
5119;85.00
5428;58.13
552;71.03
2666;67.66
1889;30.91
3281;53.53
5520;53.21
5983;0.00
1762;34.17
2582;66.25
2797;0.00
5535;67.73
5935;0.00
627;64.93
1704;71.83
3383;0.00
3907;67.25
5701;41.85
5697;31.00
356;66.88
178;0.00
1780;36.25
3256;54.70
3560;45.00
3774;57.14
4257;68.33
5328;34.47
5899;0.00
414;0.00
4140;61.36
4252;26.13
1715;55.91
3742;0.00
3788;76.25
308;79.82
3080;56.34
3488;31.88
2473;17.50
5365;0.00
2622;72.17
1438;56.03
2783;52.38
662;93.53
1934;71.25
5350;71.27
3924;44.50
5173;5.25
808;75.03
14;55.38
140;0.00
215;64.30
-14;56.00
1400;49.29
2150;37.50
5382;73.14
2571;80.00
4187;46.36
4917;87.50
5813;75.67
1272;62.29
3949;50.48
4681;83.33
4968;44.60
187;61.50
1870;62.78
3643;0.00
2047;69.55
4109;69.14
4157;69.50
4492;44.00
2478;81.61
2954;68.33
1598;68.44
336;51.89
3105;53.89
3360;75.71
2161;0.00
5244;51.08
1232;69.56
3974;80.94
5413;52.30
908;87.13
546;0.00
4214;89.55
5434;48.00
5460;72.20
3037;58.33
3046;64.13
3072;55.00
3179;26.67
3359;16.67
1493;27.00
2033;72.95
5669;59.69
6028;0.00
6005;0.00
3361;0.00
2057;61.96
2396;0.00
5032;35.50
5416;33.50
499;0.00
1344;0.00
3521;12.50
3665;55.83
4498;57.20
4990;0.00
511;72.50
2531;73.50
5110;0.00
1319;55.18
4188;63.00
5965;0.00
882;73.25
15;68.25
106;0.00
150;63.00
1500;76.00
-15;65.00
810;60.07
2887;40.00
252;70.29
3782;65.13
846;59.05
1092;69.35
3561;80.65
2834;38.00
998;0.00
1194;64.53
1508;82.78
1968;38.33
3332;75.43
3916;55.29
4503;67.65
2498;73.24
3791;75.00
4321;60.80
5845;63.00
2787;65.00
3235;49.23
3304;63.75
3514;7.00
3835;50.26
4128;50.91
5263;61.00
5904;54.67
1326;66.70
2558;32.50
3794;0.00
5565;44.50
5569;13.33
1327;76.58
1270;75.71
1436;61.43
3142;54.17
2039;72.69
2374;30.00
5064;22.63
5449;90.38
3061;59.20
3905;20.00
5314;0.00
2860;45.00
1374;76.07
1328;50.33
1201;70.93
1906;68.47
4003;61.64
4974;85.75
2772;82.86
1096;24.18
1259;54.75
3557;76.55
3898;50.36
4037;0.00
4691;25.00
4827;76.94
4993;19.40
5176;48.09
3713;67.43
4072;75.60
2153;72.60
1427;82.07
1826;66.38
3193;0.00
3223;0.00
2545;33.89
5926;0.00
1315;71.04
2896;67.61
1539;80.00
2112;8.75
2371;50.00
2628;0.00
5841;53.71
2721;68.78
733;83.85
936;54.80
2027;27.50
3766;80.00
4627;45.20
5887;21.14
6026;0.00
2978;70.69
1582;70.63
5364;41.45
899;37.71
1345;77.00
4556;74.57
5896;40.25
122;68.84
1089;46.73
1347;81.72
3163;51.11
3201;0.00
2372;0.00
4469;58.79
236;65.23
1422;70.83
2360;62.56
2477;0.00
4834;22.86
4051;52.10
5175;40.27
507;97.81
1401;0.00
1689;78.50
3327;71.76
3748;82.45
4334;76.65
4912;63.23
5070;73.33
5927;0.00
198;70.82
1129;64.50
1980;18.33
3456;61.54
3652;76.82
2435;61.67
4629;57.58
1317;72.31
4696;81.07
1020;25.29
890;68.80
89;75.00
102;91.00
1145;59.41
3217;0.00
807;0.00
5808;21.33
345;0.00
3192;0.00
3450;44.52
5662;92.22
417;0.00
1822;63.83
1902;75.22
3454;62.41
4170;0.00
4205;50.00
4341;0.00
5422;44.14
206;27.92
1246;0.00
1247;0.00
1660;10.83
2060;57.38
2379;72.50
2455;67.32
1338;0.00
2175;64.50
1646;80.67
2208;38.50
2406;42.50
5623;20.43
134;50.10
1340;50.00
2350;41.79
2462;73.75
5139;0.00
628;82.00
2585;9.17
3993;0.00
4777;0.00
5797;60.00
794;0.00
1426;84.55
3404;47.50
2345;85.00
5081;43.00
5484;75.00
5784;42.21
6031;0.00
855;60.52
1262;47.46
3174;76.70
5061;50.91
5212;64.29
2063;56.07
2858;26.00
1749;36.00
3962;60.18
5376;50.28
5915;0.00
1974;64.76
2961;79.17
3545;37.00
5022;69.83
967;71.22
1433;64.00
2108;30.83
2254;0.00
2612;49.09
3826;59.91
4354;54.26
6015;0.00
1156;69.74
1534;88.76
2548;0.00
5218;53.96
6003;0.00
795;75.05
2212;0.00
3911;39.72
4473;21.25
4644;68.58
199;60.88
1990;60.42
2071;45.50
5042;69.30
2706;70.00
463;90.00
1444;53.75
4401;78.16
4630;44.17
4741;45.43
719;61.59
2781;62.71
1034;60.42
3316;35.80
4215;80.57
4461;69.88
3679;0.00
2789;3.75
5834;28.88
715;86.44
5645;0.00
1332;85.37
1174;0.00
1634;80.88
3546;74.26
4323;0.00
1045;83.33
1199;95.67
3355;59.23
3682;56.64
4546;0.00
4926;0.00
5988;0.00
133;91.43
1330;34.00
2241;73.53
4304;0.00
4898;45.80
5014;67.53
5271;57.24
720;42.75
994;0.00
3215;38.21
4419;64.88
2052;75.00
383;39.13
3685;46.90
3714;58.17
3830;60.00
4026;69.92
4067;20.00
218;75.52
1291;43.27
2180;47.86
2579;39.38
566;47.50
3925;66.91
5660;56.76
3519;0.00
2285;0.00
2414;38.00
462;0.00
4269;57.50
4620;0.00
5299;70.72
5294;45.46
1252;81.44
3678;6.67
5074;0.00
4573;47.61
5304;25.83
5556;33.80
1051;90.00
1525;64.53
1806;44.05
1952;47.50
2404;0.00
488;40.00
4880;58.75
1331;66.08
3649;74.42
4049;84.72
4568;81.85
1423;70.93
3773;64.97
5766;59.00
1986;37.50
4819;74.53
3931;0.00
906;48.83
1248;74.32
917;33.33
1456;0.00
3857;75.91
4609;0.00
4915;0.00
392;0.00
1798;52.00
2269;53.64
3920;91.25
4035;69.37
4446;38.50
1165;80.35
824;58.25
1093;62.53
3294;47.50
4084;32.14
5786;20.00
6007;0.00
2605;84.38
4141;85.50
4292;55.13
5031;71.58
5685;46.75
3112;28.89
2518;23.50
5419;74.47
831;87.14
2635;77.41
1778;38.75
3991;70.64
1862;0.00
3961;44.12
2252;0.00
4885;87.28
5891;38.00
2115;43.33
2670;0.00
2403;80.71
1619;25.00
1989;87.50
599;35.83
138;1.25
1380;61.89
4615;57.50
4782;91.67
5990;0.00
5291;56.64
672;66.65
1241;52.43
2339;18.75
4135;5.00
5616;42.05
1802;56.25
3477;93.75
2349;67.50
2419;77.27
2924;58.33
896;94.83
2244;86.25
1776;69.81
2526;62.50
4263;27.40
4856;22.86
5946;0.00
2686;71.69
1396;56.25
4303;68.71
5249;27.83
3002;49.29
3501;65.63
2327;18.33
4829;66.90
5373;67.28
5557;46.82
192;67.38
1920;71.08
4011;0.00
4618;52.79
5318;59.50
5643;46.63
5672;28.00
506;50.67
3185;26.25
3325;0.00
2431;19.75
2416;0.00
3995;35.38
5060;27.57
5586;12.40
8;21.82
2654;54.52
800;70.32
80;0.00
1336;61.14
3034;67.63
5848;0.00
1879;60.00
3015;55.50
2515;20.00
-8;90.00
4034;69.53
4753;27.00
724;62.22
1295;62.79
1845;23.33
3121;71.25
3253;0.00
3323;62.81
3559;43.13
845;83.50
913;68.89
563;66.70
3132;0.00
4107;8.33
4452;68.55
4838;50.00
5630;0.00
5666;60.77
2937;0.00
243;39.38
220;96.00
2200;0.00
2430;31.33
-22;81.67
22;7.29
6032;0.00
2293;65.10
1625;70.00
5562;53.73
646;0.00
1069;0.00
1535;84.42
1727;75.00
1907;82.48
3115;53.00
2541;15.00
5085;79.91
2662;62.36
2627;0.00
4785;45.55
5709;25.00
5695;56.67
1596;66.00
2024;80.00
3178;40.93
2368;68.00
4588;89.16
2865;25.00
1467;86.67
1973;62.08
5051;60.89
5213;39.33
1613;30.42
3542;75.62
2384;54.50
543;0.00
4403;5.00
5371;49.29
5430;58.00
5529;2.09
2679;52.71
1211;53.20
3085;8.75
3459;22.50
3636;56.58
4801;66.70
5578;0.00
5635;73.20
1507;82.76
4729;88.27
2868;42.64
1668;58.40
2915;16.67
437;0.00
2272;40.31
3819;52.50
3899;56.85
4370;75.61
4998;66.00
823;45.23
121;0.00
1095;49.00
1305;79.75
1210;48.75
1723;74.76
1978;6.25
2472;36.36
2741;52.03
1485;91.46
3152;0.00
3207;35.00
2098;52.94
5375;15.00
1675;10.00
3166;0.00
3965;34.90
4983;64.18
5332;52.55
665;49.67
109;44.14
1090;61.50
5344;63.68
2966;82.31
559;82.75
281;55.00
1526;62.67
5590;54.69
1078;33.00
3366;0.00
3594;39.55
3858;66.07
4108;85.35
4987;31.75
5885;0.00
5975;0.00
1643;74.58
4282;39.29
2157;50.90
2653;43.33
5974;0.00
839;55.12
725;93.33
2137;61.04
1461;67.47
4747;0.00
5251;27.10
6014;0.00
853;73.57
1278;27.67
3386;73.37
3709;5.00
4198;90.00
2785;52.45
456;46.14
4560;78.58
5811;49.56
5911;0.00
2256;0.00
2447;0.00
4697;66.44
5999;0.00
1004;44.92
2321;71.31
1656;58.33
3389;59.36
3396;57.14
167;92.08
669;65.12
3056;32.85
1670;88.56
3384;71.94
3947;48.18
5971;0.00
1674;47.50
3535;61.95
3698;53.75
5265;59.06
888;0.00
2649;0.00
2048;7.50
5183;59.53
1465;45.00
1655;56.25
2207;83.07
4116;81.35
4456;87.50
742;57.00
1167;85.85
330;61.67
-33;38.25
1647;62.14
2220;51.25
4065;55.00
3300;5.00
33;0.00
5234;67.80
676;76.54
45;60.88
-45;49.67
450;32.00
3023;3.33
3372;26.19
4496;63.75
4500;20.82
5232;45.00
4044;64.50
4906;0.00
238;52.75
3012;6.25
2002;72.31
3345;58.33
3478;62.14
2380;19.67
4608;40.95
1008;29.00
1184;25.40
3071;33.50
3427;33.08
4272;83.15
5833;0.00
1676;30.00
3329;43.08
1961;61.67
2650;35.00
4442;51.56
4789;71.60
1294;44.59
3467;74.88
4539;63.89
4687;70.00
757;63.23
74;16.40
466;85.00
4156;66.80
4206;0.00
4660;7.00
4966;0.00
160;45.64
2857;87.50
16;75.00
798;61.25
-16;87.00
1600;58.13
3191;0.00
4186;71.97
2637;74.97
2278;52.50
1362;27.42
1134;80.17
4182;60.00
4371;27.50
4911;83.56
5127;45.11
5243;74.00
2729;37.92
3901;80.88
2949;26.88
1123;0.00
3113;0.00
2117;0.00
4273;0.00
1872;67.00
3353;51.25
2049;68.75
4386;70.56
4356;0.00
5994;0.00
990;63.00
3364;68.79
2589;0.00
4218;70.42
4712;73.54
1335;39.70
3647;86.00
2323;61.81
4581;62.04
188;91.00
1146;86.55
1617;75.64
1880;71.67
4258;50.68
4285;64.33
597;62.14
1257;44.82
3188;52.50
4632;27.50
4786;82.50
4931;68.29
5253;36.44
5607;45.73
5785;34.10
5717;0.00
5970;0.00
2219;73.31
1759;70.24
3102;48.13
3128;75.00
2805;66.25
393;59.33
419;60.00
668;0.00
1218;54.85
1491;62.26
1666;30.00
5289;0.00
3205;0.00
2426;40.27
3930;54.38
4190;32.14
4448;93.50
4718;70.83
763;22.00
2382;41.62
348;63.35
1743;35.00
3480;23.33
2955;30.97
2563;48.20
1512;71.67
2415;16.25
4138;0.00
1223;58.32
1351;58.67
2587;15.00
3871;51.25
4095;39.33
4074;67.60
4428;62.55
4938;75.58
5154;23.17
997;64.55
1065;49.37
2184;0.00
4024;33.33
935;86.11
3863;60.50
5426;61.56
5576;48.33
5753;54.00
569;70.44
1135;72.57
3091;0.00
2159;35.71
4124;65.29
5690;62.67
5916;0.00
3642;73.00
1988;31.25
2216;69.19
395;0.00
2982;0.00
423;74.00
4230;43.33
5356;0.00
3149;48.57
3504;63.75
4245;48.39
5849;34.70
6063;0.00
2967;31.25
1555;50.65
1591;51.27
4541;79.26
5170;82.25
6055;0.00
585;74.00
699;48.60
684;89.83
516;72.50
1741;73.61
5160;91.70
5850;33.56
1024;79.31
826;0.00
1905;74.55
2574;41.97
2879;71.00
2261;0.00
4298;51.06
4574;48.25
4851;80.20
5027;63.10
743;68.83
708;90.05
1188;43.80
3673;29.21
501;0.00
4333;51.92
5010;80.29
5002;41.50
5937;0.00
349;60.94
421;48.00
1908;70.71
3490;51.68
4210;21.33
5341;70.08
5854;28.78
1033;55.00
1203;65.12
1896;70.00
3834;80.56
3945;74.75
542;63.50
1334;9.33
3063;0.00
3641;71.08
3582;34.65
4566;52.55
5420;0.00
1038;52.67
422;63.20
3564;57.14
3771;0.00
3866;90.89
4220;76.67
4579;78.38
4967;0.00
5075;0.00
5132;89.00
2366;66.18
1063;24.17
3588;53.75
2038;55.36
5393;58.81
2046;49.17
4031;0.00
649;7.50
2441;63.57
3968;86.03
4317;54.55
4447;55.90
939;84.42
1538;60.15
1629;45.71
659;74.15
3597;0.00
2182;0.00
5172;19.50
5894;41.00
613;71.91
581;42.80
3297;77.55
4077;45.00
5189;0.00
5564;62.33
5810;38.00
2895;33.42
695;53.00
977;0.00
3892;72.80
3053;0.00
3341;53.64
4826;44.29
2249;65.37
1731;68.33
4098;68.35
4331;0.00
5843;40.91
2661;83.73
1370;71.80
3496;0.00
3566;61.50
4547;39.41
4662;10.00
721;71.50
473;0.00
3236;50.00
3878;42.29
4515;67.11
4730;0.00
191;68.38
247;77.35
1910;13.33
2470;16.25
4224;11.29
4817;15.00
5415;67.44
5597;31.36
780;0.00
78;93.60
2298;57.25
2802;0.00
5515;60.42
2497;36.47
4047;0.00
4870;51.06
5837;33.44
5333;0.00
3326;64.83
4179;0.00
2759;54.69
1868;60.91
4172;53.50
4087;74.31
4392;71.69
5311;62.67
2554;43.05
4493;0.00
4738;50.00
5349;21.19
993;49.77
2700;83.57
2930;43.13
2916;42.21
293;59.20
-27;65.40
1214;44.63
1431;59.86
4328;51.77
4606;41.67
27;0.00
765;61.69
1102;76.00
1384;71.67
5815;38.44
774;62.52
999;53.65
2836;44.17
436;63.16
1239;0.00
1454;0.00
4360;48.00
5758;80.00
1225;61.11
2780;56.30
2856;71.67
2201;81.25
4376;83.33
5642;48.21
775;80.08
1217;85.00
4619;58.40
5442;52.18
5771;6.33
4557;77.50
2370;62.65
2992;70.13
3336;32.25
1953;0.00
4176;76.95
4048;68.36
4431;0.00
4715;71.31
5745;25.00
960;72.50
3473;80.81
5912;0.00
2745;57.44
3022;0.00
1520;62.50
4882;32.17
564;76.00
1192;45.85
4577;0.00
5157;0.00
5640;50.33
3864;65.56
4645;57.30
2561;68.18
1546;34.17
3311;54.39
2061;28.89
3768;0.00
4395;85.16
4394;0.00
5255;31.50
386;63.94
3860;53.33
6036;0.00
1732;80.13
4291;89.20
2829;75.36
347;76.67
2697;33.00
2005;78.50
3244;15.00
3470;86.67
4816;75.72
873;67.46
1499;82.50
1861;80.44
3331;64.46
214;72.20
1026;85.19
2140;0.00
2537;5.00
2553;53.37
3726;47.50
3777;51.19
4338;81.35
5073;38.11
147;58.50
446;66.67
1470;80.00
1714;8.75
3458;74.29
4460;70.19
4901;80.81
837;36.13
435;0.00
2281;0.00
2576;13.75
478;65.00
4350;75.56
4780;59.91
4928;30.88
1007;69.80
2750;35.00
593;48.40
3887;69.94
4062;71.52
4763;0.00
5930;0.00
5909;0.00
874;71.00
326;65.54
3260;64.65
3302;51.36
3356;0.00
3562;77.86
3902;0.00
5374;64.95
2936;0.00
1141;56.27
1992;52.00
3134;0.00
3804;52.50
4137;21.67
4878;43.57
5789;45.69
1329;69.71
4136;73.85
4871;0.00
5779;38.00
5955;0.00
1240;63.05
124;74.63
1237;54.54
915;62.67
791;80.00
1356;76.33
5651;0.00
1369;53.23
1521;83.67
2606;31.25
4491;64.50
4989;64.75
5197;17.56
822;69.62
3231;31.75
2481;0.00
4025;75.56
5018;60.88
5408;80.22
5718;53.50
2910;0.00
1389;85.00
1381;55.90
2648;0.00
291;100.00
3807;73.38
4264;27.67
4375;78.50
5087;91.00
5835;2.50
2021;88.00
4684;78.24
4832;37.85
5445;36.00
75;73.80
750;76.88
4711;80.38
868;0.00
3759;32.14
4953;4.00
5094;75.25
5962;0.00
3431;0.00
2935;44.06
2938;38.77
1160;80.23
3593;88.21
3844;86.63
4822;85.04
496;67.82
61;26.67
262;0.00
610;67.50
404;0.00
2620;71.43
4040;57.40
4960;41.83
5273;41.00
5470;78.08
632;58.00
2114;57.50
2674;0.00
3918;64.74
5882;0.00
951;50.08
2872;32.64
866;0.00
1976;62.41
4151;56.00
5512;18.40
2707;35.77
1766;83.96
1955;47.00
2359;0.00
4874;79.54
2306;81.22
5868;0.00
754;33.75
372;80.64
1121;0.00
3637;68.03
3720;0.00
4848;86.20
5461;38.80
738;75.00
3055;57.81
3249;40.43
3499;58.47
2091;15.00
-9;72.00
9;76.95
416;42.50
534;90.42
3153;67.50
3306;75.38
2317;38.82
2411;85.54
4160;0.00
5340;67.88
5663;48.36
2194;52.74
1589;58.14
3186;60.71
3438;54.00
3550;47.78
2456;62.00
355;81.00
203;76.38
1561;63.37
2711;46.06
2030;33.00
4563;48.89
4831;37.80
2812;20.00
324;43.07
1371;64.07
3240;36.40
4734;76.70
5462;55.08
1230;63.19
1221;0.00
1463;49.09
1692;54.25
3189;81.75
3851;63.33
4484;49.00
4489;40.00
4739;84.49
5567;33.25
391;61.60
1264;47.57
1576;62.00
3910;24.38
942;77.48
2081;65.71
761;36.22
3052;0.00
2116;42.50
553;75.00
3874;83.00
4177;56.11
5203;83.97
5369;0.00
5530;0.00
6052;0.00
3573;74.17
3913;0.00
3977;78.75
4265;5.63
6019;0.00
591;52.23
2397;70.91
5910;0.00
31;68.25
154;50.31
524;82.50
1353;42.71
1142;71.97
3657;40.56
3683;42.00
310;91.00
-31;77.00
5240;12.00
2974;0.00
1797;85.00
1966;67.00
3321;72.00
2226;67.50
4962;64.80
5368;0.00
5968;0.00
2981;34.89
1757;23.82
3082;0.00
4776;66.84
664;68.42
2484;53.90
1439;63.70
1804;47.00
1996;79.41
4920;62.74
1836;73.00
3541;64.16
2067;61.09
2619;61.67
4467;87.50
354;43.48
3334;62.57
3540;72.43
3969;0.00
4936;66.36
5082;58.00
1172;78.68
305;47.63
3050;59.80
4464;70.63
5636;61.50
2816;38.33
2917;0.00
362;59.61
1168;36.60
3004;51.46
1399;72.34
5838;33.00
1531;58.61
3620;46.45
3755;75.00
3817;35.00
3984;78.15
5096;67.33
2958;73.41
3608;53.84
2149;81.50
4457;69.39
4979;74.30
126;43.79
2691;32.22
1137;4.75
1260;36.25
196;47.86
1122;81.32
1417;30.00
1828;88.33
1960;45.00
4181;0.00
4420;65.91
4686;49.75
2925;0.00
1253;75.00
1652;39.36
4383;76.73
969;66.87
2224;0.00
2277;0.00
2528;52.78
4572;24.29
5270;51.38
143;68.29
2663;66.39
2963;0.00
1430;63.50
3222;62.50
3285;72.50
4674;54.00
5229;65.44
5851;81.40
40;53.78
4;57.15
400;92.58
712;55.00
-4;63.50
1837;80.00
3622;56.43
-40;75.00
3960;57.67
4000;63.72
5199;51.20
813;71.07
631;70.73
3123;85.00
2542;29.50
4612;34.37
4923;0.00
5196;61.73
5312;72.00
5939;0.00
77;80.25
2953;64.67
2983;7.50
486;90.00
4860;76.18
656;66.94
852;70.90
574;75.00
1734;70.00
5572;48.67
5740;0.00
5757;44.25
934;73.88
3177;63.81
4232;51.67
5499;64.19
5547;2.67
3199;62.54
3576;74.38
3472;58.63
2445;76.25
4259;53.00
4459;27.50
5024;53.00
5205;24.79
954;75.10
2165;75.93
2177;54.08
2499;42.25
928;12.50
1816;77.50
1745;79.57
1909;27.89
3432;0.00
3862;60.36
3789;69.06
4417;65.45
6004;0.00
548;70.33
1929;67.79
1112;68.52
1785;77.33
2069;44.50
2744;62.50
3822;57.20
5480;61.20
2592;65.37
1833;58.53
3548;37.11
5336;0.00
182;57.50
1075;35.86
1306;59.00
1451;72.75
1622;44.92
3517;50.23
1820;0.00
4767;87.21
931;88.00
259;0.00
1442;48.33
1557;89.00
1724;76.88
3151;0.00
2590;45.50
2172;49.40
2609;53.33
3973;91.25
4589;44.58
5948;0.00
5966;0.00
2869;45.00
760;89.39
1106;65.22
1977;81.43
3238;41.30
76;84.00
5665;52.86
5673;53.71
657;20.44
23;55.19
-23;82.50
3051;62.14
3635;48.33
2300;76.16
4312;74.97
4886;58.55
5521;45.69
5477;85.00
806;65.00
1238;62.86
3263;50.42
3508;24.52
2029;0.00
2188;40.27
3837;66.81
5264;75.45
5513;86.25
3133;0.00
3312;31.92
2273;90.00
4073;0.00
5517;0.63
36;55.38
2708;32.89
-36;83.57
360;85.33
1428;90.00
3026;60.96
6056;0.00
3600;57.29
2235;59.26
3776;33.42
4682;64.65
5088;75.36
5691;0.00
469;0.00
2311;65.71
3707;59.00
3818;83.50
4690;0.00
5831;0.00
44;61.50
-44;77.15
1236;51.60
3914;41.00
249;30.00
2490;0.00
4400;70.69
21;94.25
2100;45.69
210;65.54
244;75.38
-21;44.67
1105;55.60
2309;46.33
2440;0.00
3831;40.00
4441;27.50
2427;64.62
2886;0.00
3746;90.00
4803;66.30
5004;0.00
5013;62.50
3894;74.39
4575;15.00
4706;71.28
916;64.17
587;85.94
2328;0.00
4404;0.00
5870;65.25
1056;0.00
1303;3.00
1612;71.67
2082;62.41
4626;77.87
5632;47.50
858;85.10
223;0.00
175;14.00
1750;61.25
2058;0.00
2230;75.19
2508;32.50
769;63.88
104;60.00
1176;67.62
2064;65.50
6046;0.00
827;67.22
156;54.20
1560;57.50
2018;35.12
3797;79.29
2984;0.00
1085;59.63
1888;8.33
3343;53.83
4921;0.00
5054;36.43
5161;63.04
5769;51.19
862;55.21
1042;38.27
1113;48.89
1027;34.50
1552;90.00
1965;20.00
3885;0.00
4685;89.63
5598;51.37
5765;0.00
1447;75.00
2613;0.00
4028;21.89
5272;55.56
5067;57.60
5568;29.55
5804;35.07
854;31.00
1263;61.11
3018;36.09
4902;48.33
5226;56.10
975;79.75
47;55.25
-47;90.00
1424;54.28
1729;56.88
2032;61.17
470;100.00
4451;42.86
4700;61.00
2084;0.00
3718;72.50
4127;84.95
4248;0.00
4454;57.37
5359;1.80
4327;0.00
4413;57.05
5248;46.26
82;70.44
820;51.67
2407;0.00
4089;63.35
4335;46.25
3754;62.95
5109;69.35
2766;27.57
1434;95.00
2147;62.50
2185;76.21
2151;5.00
5859;32.60
857;62.13
2552;75.15
2437;85.00
4256;16.25
4481;43.33
4656;0.00
4766;70.94
5511;54.29
1736;71.48
3126;80.91
448;96.67
4082;87.47
4480;20.00
5005;73.17
13;74.95
130;70.84
1300;48.26
2013;51.25
-13;0.00
6021;0.00
2375;38.45
1903;68.75
4168;8.75
6017;0.00
895;47.75
1693;69.27
4529;61.14
5204;52.07
2519;50.56
2908;0.00
964;75.33
2543;91.25
2421;64.37
2923;0.00
246;76.68
1575;61.00
3525;39.17
2460;75.33
2412;36.25
4693;38.80
5038;56.43
2898;0.00
2991;0.00
2288;82.78
4603;63.88
5454;39.62
5995;0.00
818;78.50
3421;27.50
3722;0.00
4054;58.75
5133;0.00
876;70.13
2319;46.25
2453;43.57
4602;72.87
5317;23.00
5611;28.08
2322;72.35
3376;44.54
3909;51.35
4559;0.00
3039;26.50
3551;65.72
5275;36.52
5563;46.23
812;77.40
2912;58.29
1995;48.96
3662;30.83
3829;6.25
4385;36.67
5292;67.00
4635;47.22
5326;68.05
5925;0.00
118;88.40
1180;57.07
4002;58.58
5202;0.00
1320;54.79
132;75.50
3538;74.90
4552;62.50
5163;68.46
5518;42.54
5522;72.25
5617;23.07
1068;80.17
1213;73.29
3613;7.50
4234;0.00
387;90.54
1607;75.00
2644;58.00
3870;58.27
4754;23.38
5692;50.22
4652;87.69
5169;57.03
5655;57.63
5858;27.00
2839;53.33
201;61.00
1355;32.50
1863;72.75
2010;52.86
2634;66.00
2580;73.27
258;85.00
3108;77.27
3638;0.00
2458;90.00
4823;56.69
5533;0.00
6038;0.00
2931;88.75
465;40.77
3583;77.14
3999;70.00
4063;65.95
4289;3.75
4650;0.00
2641;68.82
2853;10.00
732;58.33
1097;43.06
1585;43.33
1562;45.67
1765;57.50
4972;73.06
5078;39.76
1275;48.20
202;0.00
1125;48.00
2020;63.75
4058;0.00
4466;88.75
5097;60.38
5523;69.27
6062;0.00
1198;90.00
1171;85.38
1564;52.86
3919;0.00
-46;84.44
973;27.11
1633;76.67
2231;40.50
460;85.00
4600;55.25
4549;55.91
5817;26.00
2598;58.42
3299;37.64
4592;46.92
4582;83.75
5017;47.15
5719;41.89
5615;82.86
834;56.87
1479;34.17
4948;65.64
5377;35.00
3739;0.00
1322;45.38
3469;0.00
3632;100.00
2369;37.50
4364;0.00
4287;83.02
2544;58.89
2248;71.72
4348;61.79
5297;74.92
5893;4.00
4622;76.88
5403;0.00
5973;0.00
5908;0.00
1164;72.47
2251;69.49
3346;0.00
3481;0.00
3631;67.72
3893;65.00
4891;42.83
1277;61.53
1948;0.00
3202;57.50
4271;46.25
5367;42.38
584;0.00
871;74.80
894;57.67
3509;0.00
3672;60.53
4039;68.83
5029;17.19
5687;28.69
5726;58.33
5840;24.13
1644;88.00
3645;42.90
5129;0.00
5469;61.71
2890;49.09
289;49.50
4896;88.33
5206;85.67
1796;80.00
2468;0.00
5404;55.56
363;34.00
3101;57.31
3630;64.83
3671;41.82
5035;33.67
5092;77.64
20;38.47
2;57.36
200;0.00
-2;50.00
-20;52.17
1817;42.50
1932;17.86
2000;36.33
2452;0.00
4393;0.00
707;77.83
2826;32.00
1658;81.67
1999;54.91
4971;60.87
1055;0.00
1131;58.02
4045;62.95
4521;0.00
5907;0.00
3146;10.00
5262;66.00
5762;44.56
6039;0.00
5606;29.27
6059;0.00
159;46.55
1590;50.00
1747;39.00
1869;65.00
3228;71.67
4422;90.00
5111;30.25
2717;71.56
1567;69.25
4814;45.73
5016;0.00
5451;65.54
2951;72.61
1276;46.25
2405;65.33
3007;0.00
5589;0.00
3043;33.75
2330;48.33
5628;30.44
35;60.57
350;68.39
1304;71.56
3500;0.00
-35;93.00
5676;67.00
4805;52.50
5047;0.00
5423;63.38
5504;60.00
5914;0.00
838;75.16
961;77.29
2480;51.62
1651;58.05
3549;54.31
3815;35.00
163;47.56
1630;92.50
1754;51.25
3922;55.00
4692;79.66
4930;72.32
5485;76.31
5649;8.67
2845;79.63
2952;47.00
2913;72.73
497;35.00
1793;0.00
3289;56.80
4225;9.29
4735;42.00
4970;81.07
5267;49.50
589;79.00
1719;23.33
1775;74.85
3952;10.00
4633;48.18
4517;10.00
4749;45.48
5890;0.00
2364;72.48
594;75.45
5177;43.15
5667;41.11
5940;0.00
5083;86.27
5386;20.20
1074;59.53
1144;79.33
3127;59.51
2271;25.90
2572;0.00
3758;85.63
3738;0.00
4775;75.33
629;65.74
5466;55.00
5821;0.00
1325;56.36
1193;68.13
3439;52.33
3301;0.00
4698;48.77
5716;49.13
5906;0.00
176;72.38
2443;83.75
1760;59.23
3437;0.00
4311;52.23
4508;73.85
5441;71.00
2798;50.57
905;50.32
1420;76.50
2354;61.88
2389;71.80
4131;62.50
4525;51.25
5056;0.00
2712;61.33
1014;82.70
1533;55.52
2451;15.00
4703;0.00
4807;86.67
4925;60.30
5545;76.38
2862;68.07
850;82.63
1819;0.00
1894;82.60
2313;70.95
4293;71.24
5637;26.85
2597;66.00
3216;38.08
3405;48.75
2343;0.00
317;68.07
3087;65.95
3170;65.94
3414;0.00
4516;42.50
4846;50.00
5358;80.00
467;43.75
3308;60.70
3879;15.00
4251;50.00
4670;0.00
5276;53.14
5443;67.08
5618;73.67
3135;45.00
3607;80.00
3896;30.00
3853;50.73
3988;75.00
5456;42.65
2929;0.00
3847;52.14
4576;29.50
4847;36.67
5141;17.25
5354;43.33
5881;39.25
1281;31.00
3436;42.50
5532;57.88
5923;0.00
1181;69.73
2941;39.82
4038;6.00
4688;71.97
5656;35.60
3262;61.50
3732;47.80
4676;65.91
4935;79.78
5593;0.00
2122;39.38
1858;79.73
3861;33.75
3941;50.97
1269;74.73
26;79.59
260;62.62
-26;69.38
2600;60.78
1536;93.43
2086;10.00
2196;60.45
2408;37.30
5492;54.56
110;56.00
-11;82.50
963;28.33
1100;55.75
1117;85.78
3076;53.75
2092;0.00
2495;49.64
2757;0.00
11;11.43
5816;15.00
2733;44.77
2832;0.00
3187;45.00
3272;0.00
3369;48.85
4614;70.57
4887;40.00
64;66.30
640;71.82
1891;29.29
4411;41.47
4636;0.00
433;45.40
1061;44.38
4330;71.40
5596;0.00
1032;60.69
1017;81.00
3598;40.01
4743;50.30
1550;53.75
155;53.75
2101;67.50
3555;56.43
2205;44.00
2229;49.38
3917;70.28
1383;51.13
1414;80.33
3868;28.33
4505;66.07
4842;67.68
5846;58.00
910;80.00
224;32.17
1453;74.97
3409;47.50
3585;47.05
2240;72.78
131;16.00
1310;54.75
2246;68.17
4099;74.53
5284;85.67
358;60.75
621;54.71
1186;0.00
1363;68.15
1774;21.25
3168;0.00
3580;24.50
4337;45.95
5008;41.15
5355;47.25
5608;28.67
5839;31.38
4196;0.00
5405;69.24
572;74.22
897;81.63
24;82.00
2400;71.69
228;75.60
240;68.13
5720;0.00
-24;93.50
532;68.70
2540;66.86
2280;10.00
4166;40.00
5320;66.15
335;83.00
537;80.33
451;97.75
1352;11.50
3350;68.60
3579;83.13
4288;73.36
4510;75.25
4638;53.61
5099;46.25
5370;70.38
406;0.00
1912;67.00
4060;67.25
4518;57.84
4824;77.79
773;73.84
644;30.71
303;38.50
3030;0.00
2308;69.97
2601;30.00
1981;66.95
2761;58.50
1132;77.10
817;0.00
2102;75.50
5748;54.50
2820;48.69
2602;35.00
739;57.50
282;76.71
1357;67.92
1393;64.46
1587;61.00
3242;79.13
3756;61.09
3838;48.21
4243;41.25
5736;54.29
1010;55.56
340;89.72
-34;57.33
1547;65.18
3400;92.50
2133;0.00
34;0.00
3416;41.88
5750;26.33
1039;53.88
1636;75.50
2608;0.00
3884;44.67
2665;78.21
4991;84.03
5483;97.13
5938;0.00
1661;0.00
4306;42.50
4716;73.89
1209;9.86
3075;20.00
3233;0.00
4523;0.00
5634;65.11
2891;64.96
388;76.86
3208;0.00
3880;50.83
205;72.67
3511;12.00
2050;90.00
4513;33.33
5795;40.82
1302;38.75
2320;29.50
1563;66.49
3687;0.00
3981;64.77
4854;70.50
5857;36.78
642;64.27
2851;51.25
299;86.31
2990;57.50
777;89.00
2640;25.83
3062;80.00
2491;55.64
1049;0.00
1601;61.61
3674;40.00
5731;42.00
984;63.90
1712;57.34
1226;57.39
3286;0.00
3342;74.88
3618;71.26
2782;5.00
4424;30.00
4982;75.80
5217;0.00
4591;71.80
4787;86.50
4867;0.00
146;59.51
1382;49.40
3017;60.85
1460;82.79
1791;20.00
5684;24.00
3296;26.31
5773;54.83
427;81.50
3324;4.00
4270;35.00
4432;68.64
5967;0.00
4244;36.67
5093;24.00
5788;0.00
788;72.95
-42;42.56
1476;52.54
1687;84.35
3143;0.00
420;43.38
4081;56.75
4200;18.69
42;0.00
5688;36.25
2710;57.08
523;0.00
271;0.00
4387;69.18
5230;75.31
3351;0.00
3492;0.00
2659;71.31
2877;34.65
1505;65.13
2124;56.85
73;38.60
5283;59.74
5471;63.00
670;74.38
67;49.00
2778;82.00
429;51.20
925;0.00
3129;31.92
4178;45.71
4290;88.77
4963;80.47
5945;0.00
415;88.07
3575;43.33
4150;20.00
5475;0.00
5862;38.60
568;38.75
2299;50.06
1722;65.65
2362;78.17
1001;47.50
4537;61.00
5680;41.40
2747;72.80
933;41.11
1707;50.83
2001;30.00
3218;45.00
2521;0.00
2633;77.25
5052;24.00
6027;0.00
784;80.81
1274;0.00
1764;87.50
1928;48.75
2326;6.25
4167;0.00
4349;0.00
4647;52.14
4818;53.33
5321;59.05
2904;63.94
245;91.69
3680;67.00
2450;57.50
368;0.00
5076;35.51
485;44.44
4850;30.75
5334;0.00
5767;0.00
1496;81.70
2791;0.00
4202;0.00
4631;0.00
5411;23.33
1684;0.00
3104;78.49
3577;68.61
2259;64.78
2386;70.56
4132;69.23
4384;11.67
4434;58.06
4519;6.25
5884;0.00
2174;55.42
92;55.50
650;65.25
920;84.75
3319;43.50
3474;0.00
4199;85.00
4379;63.10
5001;70.94
938;57.00
3484;52.89
2099;27.90
2363;50.00
3716;0.00
851;75.57
1043;36.36
1183;41.58
3856;40.71
5316;66.38
694;0.00
425;57.27
1149;85.58
4250;63.75
4222;57.98
4773;66.95
5551;0.00
5855;16.00
444;0.00
4440;0.00
5258;19.75
5494;42.00
5486;0.00
6044;0.00
371;70.28
438;93.50
3150;62.59
315;78.25
3710;77.63
4380;8.75
5194;58.13
63;74.30
2743;68.00
630;0.00
1030;0.00
3971;6.25
4227;37.22
680;50.58
68;88.25
3428;0.00
3617;24.17
949;45.93
1086;60.00
1301;75.95
1919;66.67
3307;63.67
4021;16.00
4207;0.00
5347;0.00
776;62.50
713;74.56
3213;28.33
4294;0.00
4641;0.00
2969;0.00
3646;69.82
3938;48.00
4778;77.34
5897;0.00
1292;70.68
723;84.75
3309;83.04
3584;35.69
3623;91.88
4468;78.77
5245;57.39
5867;0.00
2997;65.00
1721;72.50
3398;0.00
3449;41.25
3869;23.33
4388;0.00
4476;83.33
904;62.50
2817;17.50
1544;80.00
1498;60.00
3397;39.15
2310;54.50
5787;34.91
982;54.71
49;65.00
97;69.55
970;64.59
490;74.63
3138;45.00
2393;0.00
4900;80.25
3903;48.50
4727;68.33
3164;0.00
3145;0.00
3735;0.00
5399;61.75
5509;57.59
2289;57.59
4595;38.75
4764;83.33
4802;62.44
2509;70.76
681;73.87
3531;56.50
3987;0.00
4267;63.50
5985;0.00
495;53.29
2510;55.06
251;30.00
1062;43.00
1918;55.26
3250;82.50
3259;35.38
4372;0.00
4950;77.05
5755;58.79
5886;23.33
1376;73.56
1445;11.67
4155;0.00
4895;85.19
4919;41.25
413;76.35
3305;58.82
3989;72.48
4130;38.50
4722;54.50
5044;83.82
2588;0.00
3715;62.80
4399;84.38
4992;74.00
5559;53.28
5621;20.00
2041;46.33
4755;43.33
5043;76.85
5335;56.54
1406;62.50
3846;81.07
5309;68.79
2500;74.00
-25;85.00
2051;53.50
3872;74.92
25;0.00
4905;0.00
5984;0.00
538;75.67
5380;33.00
5516;32.20
5725;53.13
5702;47.76
2094;57.84
1881;25.00
3553;55.90
1925;35.00
4366;53.78
4616;82.50
5552;63.60
1255;54.29
1261;10.00
1443;0.00
2141;82.77
4266;0.00
6053;0.00
1107;58.14
1497;73.33
3529;44.56
4313;0.00
779;88.20
867;56.82
588;79.75
1229;72.83
4242;7.50
4881;59.18
5187;75.88
5880;85.20
491;71.97
2233;0.00
2395;48.77
4910;0.00
5007;71.13
5861;19.73
3634;0.00
3763;55.00
4429;0.00
1584;58.00
3141;68.68
3318;48.33
3895;76.89
2166;64.16
4057;54.00
4133;69.02
4961;55.63
5633;42.17
555;75.00
1615;85.00
3057;65.71
5550;79.00
5584;64.25
2821;68.43
1923;48.29
4212;58.82
4277;57.85
5216;19.42
751;61.43
-29;60.00
29;65.20
2758;35.00
2900;68.75
2325;0.00
4149;53.13
5252;30.43
337;76.42
1391;13.00
1621;84.33
3370;60.67
2213;56.11
4421;63.81
4478;60.00
679;66.50
1028;76.70
2381;71.29
4864;94.40
4865;66.03
5921;0.00
1405;67.42
3502;49.35
111;78.13
2828;32.65
1110;40.00
1469;57.22
4059;67.19
4892;0.00
5385;43.69
144;51.20
461;77.48
1440;82.50
2534;10.63
3172;36.88
3243;86.91
3451;40.63
4610;63.67
5474;0.00
1077;55.00
3408;12.50
3441;35.00
1917;59.17
4088;69.19
4406;81.91
4462;52.23
4875;0.00
3391;47.78
2036;70.80
3951;53.33
5865;8.00
2814;50.00
2965;59.94
986;77.73
1375;67.63
2079;73.28
3881;57.19
5698;42.56
-38;85.00
380;0.00
1752;21.25
2173;64.09
3800;0.00
4042;0.00
4791;82.77
4857;0.00
5006;72.74
5378;64.50
505;72.64
601;39.77
19;84.89
190;7.00
-19;80.00
1342;0.00
5237;48.88
5842;0.00
6010;0.00
6048;0.00
1900;72.10
2503;17.86
2489;0.00
3779;78.71
3798;0.00
5050;70.50
582;17.67
1316;72.36
4125;61.40
4659;63.68
5548;76.88
5820;0.00
